26 1 0.5496411466346154 0.9604072403846153 0.5454545456730769 0.9309954759615385 0.554545454326923 0.8902714927884615 0.5840909086538462 0.8755656105769231 0.6068181826923077 0.8665158365384615 0.6454545456730769 0.8721719447115385 0.6909090913461539 0.9038461538461539 0.7272727283653846 1 0.753615701923077 1 0.5496411466346154
21 0.4604072403846154 0.6818181826923078 0.4988687788461539 0.7113636370192308 0.5475113125 0.695454545673077 0.6957013581730769 0.7045454543269231 0.7217194567307692 0.679545454326923 0.7262443437499999 0.6159090913461539 0.7070135745192307 0.5818181826923077 0.677601810096154 0.575 0.66628959375 0.5522727283653845 0.66628959375 0.5363636370192307 0.6357466057692308 0.5 0.6085972860576923 0.4818181826923077 0.5576923076923077 0.47727272836538465 0.5497737548076923 0.4818181826923077 0.5282805432692308 0.525 0.4694570144230769 0.5409090913461538 0.4479638004807692 0.6022727283653846 0.44343891346153846 0.6477272716346154 0.4604072403846154 0.6818181826923078
30 0.6696832572115384 0.5295454543269231 0.7352941177884615 0.5795454543269231 0.7748868774038461 0.5909090913461539 0.8416289591346153 0.5909090913461539 0.8653846153846154 0.5681818173076923 0.86877828125 0.5340909086538461 0.8529411754807692 0.5045454543269231 0.8122171947115385 0.45909090865384616 0.7714932115384615 0.43409090865384614 0.7183257908653846 0.43409090865384614 0.6674208149038462 0.4727272716346154 0.6561085961538461 0.4931818173076923 0.6572398197115384 0.5136363629807692 0.6696832572115384 0.5295454543269231
33 0.22171945673076923 0.6022727283653846 0.24886877884615383 0.6022727283653846 0.2782805432692308 0.5863636370192308 0.29411764663461537 0.5636363629807692 0.29864253365384613 0.5431818173076923 0.29524886778846154 0.5045454543269231 0.26131221634615387 0.4522727283653846 0.22171945673076923 0.4227272716346154 0.1945701346153846 0.4272727283653846 0.14819004567307692 0.4545454543269231 0.12669683173076923 0.4840909086538462 0.12217194471153846 0.5181818173076923 0.13574660576923075 0.5613636370192308 0.15384615384615385 0.5772727283653846 0.22171945673076923 0.6022727283653846
29 0.23190045192307693 0.35227272836538465 0.2511312211538462 0.37954545432692305 0.3416289591346154 0.395454545673077 0.36877828125 0.3772727283653846 0.37669683173076923 0.35227272836538465 0.3755656105769231 0.33409090865384616 0.3699095024038461 0.31818181730769235 0.33936651682692304 0.29318181730769227 0.2771493221153846 0.275 0.24321267067307695 0.29318181730769227 0.23529411778846152 0.3136363629807692 0.23190045192307693 0.35227272836538465
40 0 0.34648760336538464 0.004524887019230769 0.35227272836538465 0.059954749999999994 0.35 0.09615384615384616 0.3318181826923077 0.10407239903846154 0.3136363629807692 0.10180995432692308 0.2681818173076923 0.0848416298076923 0.2431818173076923 0.05656108653846154 0.22045454567307693 0.006787329326923077 0.21818181730769232 0 0.222 0 0.34648760336538464
35 1 0.25358851682692307 0.9638009038461538 0.23636363701923077 0.927601810096154 0.24545454567307695 0.9072398197115384 0.2863636370192308 0.9038461538461539 0.32499999999999996 0.9151583701923076 0.36363636298076923 0.9253393653846154 0.37954545432692305 0.9445701346153845 0.4022727283653846 0.9660633485576924 0.40681818269230774 1 0.4027272716346154 1 0.25358851682692307
38 0.8834841634615385 0.3204545456730769 0.899321266826923 0.3113636370192308 0.9128959278846154 0.2681818173076923 0.9128959278846154 0.2227272716346154 0.9049773750000001 0.20454545432692306 0.9038461538461539 0.17272727163461538 0.8947963798076923 0.1613636370192308 0.8710407235576922 0.16590909134615384 0.8585972860576923 0.17727272836538463 0.8314479639423078 0.2522727283653846 0.8280542980769231 0.30909090865384614 0.8461538461538461 0.3204545456730769 0.8834841634615385 0.3204545456730769
33 0.6561085961538461 0.21136363701923078 0.6561085961538461 0.2681818173076923 0.6957013581730769 0.27272727163461535 0.7454751129807692 0.23409090865384613 0.756787329326923 0.19090909134615386 0.7545248870192308 0.16590909134615384 0.7454751129807692 0.1522727283653846 0.6945701346153845 0.15454545432692307 0.6561085961538461 0.21136363701923078
21 0.9117647067307693 0.06590909134615384 0.8823529423076923 0.1613636370192308 0.8936651586538461 0.16590909134615384 0.9208144807692308 0.20227272836538462 0.9457013581730769 0.21136363701923078 0.9886877836538462 0.1431818173076923 0.981900451923077 0.06136363701923077 0.9389140264423077 0.052272728365384616 0.9117647067307693 0.06590909134615384
30 0.7918552043269231 0.05681818269230769 0.7782805432692308 0.0931818173076923 0.7443438918269231 0.12954545432692308 0.7624434399038461 0.1931818173076923 0.8054298653846155 0.21136363701923078 0.8416289591346153 0.1613636370192308 0.850678733173077 0.08863636298076923 0.8348416298076924 0.07045454567307692 0.7918552043269231 0.05681818269230769