26 0 0.7313807524038461 0.05630865384615384 0.7050209206730769 0.14807090625 0.6799163173076923 0.17726798798076923 0.6464435144230769 0.18248175240384615 0.6046025096153846 0.1741397283653846 0.56903765625 0.1605839423076923 0.5481171538461539 0.1230448389423077 0.5209205024038461 0.09593326442307691 0.5125523004807693 0.036496350961538464 0.5188284519230769 0 0.5391678293269231 0 0.7313807524038461
21 0.5724713245192308 0.6066945600961539 0.5683003125 0.5648535552884616 0.5484880072115385 0.5083682019230769 0.4942648581730769 0.4937238485576923 0.47445255528846153 0.4539748942307692 0.4671532836538462 0.4497907956730769 0.42022940625000005 0.4539748942307692 0.3952033365384615 0.4707112980769231 0.3670490096153846 0.5041841009615384 0.3670490096153846 0.5188284519230769 0.3566214807692308 0.539748954326923 0.32950990625 0.5460251057692308 0.3117831081730769 0.577405858173077 0.31595411778846155 0.6359832644230768 0.3399374350961538 0.6589958149038462 0.47653806009615385 0.6506276153846154 0.5213764326923077 0.6652719663461538 0.55683003125 0.6380753149038461 0.5724713245192308 0.6066945600961539
30 0.37539103125 0.4832635985576923 0.3764337860576923 0.4644351466346154 0.36600625721153845 0.44560669471153846 0.31908237740384615 0.41004184134615385 0.27007299278846153 0.41004184134615385 0.23253388942307693 0.43305439423076925 0.1949947860576923 0.4748953966346154 0.18039624519230768 0.5020920504807692 0.1835245048076923 0.5334728028846154 0.20542231490384613 0.5543933052884615 0.26694473317307693 0.5543933052884615 0.3034410841346154 0.5439330552884616 0.36392075 0.4979079495192308 0.37539103125 0.4832635985576923
33 0.8394160576923078 0.5418410048076923 0.8561001033653847 0.5271966538461539 0.8686131394230769 0.4874476995192308 0.8644421274038462 0.45606694471153847 0.8446298221153847 0.42887029326923076 0.8018769543269231 0.4037656899038462 0.7768508870192308 0.3995815889423077 0.7403545360576923 0.42677824278846155 0.7090719495192308 0.4748953966346154 0.7059436923076923 0.51046025 0.7101147019230769 0.529288701923077 0.7247132427884615 0.5502092043269231 0.7518248173076922 0.5648535552884616 0.7768508870192308 0.5648535552884616 0.8394160576923078 0.5418410048076923
29 0.7643378509615384 0.2991631802884615 0.7570385817307692 0.28033472836538464 0.7257559951923077 0.26359832692307694 0.6684045889423077 0.28033472836538464 0.6402502596153846 0.30334728125 0.6350364951923078 0.3179916322115384 0.6339937427884615 0.3347280336538461 0.641293014423077 0.3577405865384616 0.6663190817307693 0.3744769879807693 0.7497393124999999 0.3598326370192308 0.767466110576923 0.3347280336538461 0.7643378509615384 0.2991631802884615
40 1 0.22535564903846156 0.9749739302884616 0.2112970721153846 0.9290928052884616 0.21338912019230769 0.903023983173077 0.23430962259615384 0.8873826899038462 0.25732217548076924 0.8852971850961538 0.2991631802884615 0.8925964543269231 0.31589958173076926 0.925964545673077 0.3326359831730769 0.9770594375 0.3347280336538461 0.98852971875 0.3200836826923077 0.9968717403846153 0.2845188293269231 1 0.2845188293269231 1 0.22535564903846156
35 0.13764337740384616 0.34518828365384613 0.14807090625 0.30962343028846157 0.14494264903846155 0.27405857692307695 0.12617309615384614 0.23640167307692309 0.0928050048076923 0.2280334735576923 0.053180396634615386 0.2468619254807692 0.036496350961538464 0.3117154807692308 0.03441084375 0.3598326370192308 0.038581855769230775 0.37866108894230766 0.0907195 0.38493723798076923 0.11053180288461538 0.38075313701923075 0.1282586033653846 0.3598326370192308 0.13764337740384616 0.34518828365384613
38 0.20125130288461537 0.30543933173076926 0.2179353485576923 0.2949790793269231 0.21480709134615386 0.24267782451923076 0.18978102163461538 0.17364016826923076 0.1783107403846154 0.16317991586538463 0.15641293028846154 0.15899581490384615 0.14807090625 0.1694560673076923 0.14702815384615384 0.19874476923076922 0.1397288846153846 0.21548117067307693 0.1397288846153846 0.25732217548076924 0.15224191826923078 0.29707112980769235 0.16684045913461537 0.30543933173076926 0.20125130288461537 0.30543933173076926
33 0.3409801875 0.15271966586538463 0.2940563076923077 0.1506276153846154 0.2857142860576923 0.16317991586538463 0.28362877884615384 0.18619246875 0.2940563076923077 0.22594142307692305 0.3399374350961538 0.2615062764423077 0.3764337860576923 0.25732217548076924 0.3764337860576923 0.20502092067307692 0.3409801875 0.15271966586538463
21 0.11574556730769231 0.05857740625 0.07612095913461539 0.06694560576923077 0.0698644423076923 0.14225941346153845 0.10948905048076923 0.20502092067307692 0.13242961298076922 0.19665271874999998 0.1574556826923077 0.16317991586538463 0.16788321153846153 0.15899581490384615 0.14077163701923076 0.07112970673076922 0.11574556730769231 0.05857740625
30 0.21167883173076923 0.0753138076923077 0.19708029086538462 0.09205020913461538 0.20542231490384613 0.15899581490384615 0.23879040625 0.20502092067307692 0.27841501682692305 0.18828451923076922 0.2950990625 0.12970711298076923 0.26381647596153845 0.09623431009615385 0.2513034399038462 0.06276150721153846 0.21167883173076923 0.0753138076923077