26 1 0.5026078725961539 0.9541387019230769 0.49774774759615387 0.9250559278846153 0.5067567572115385 0.8847874711538462 0.5360360360576923 0.8702460841346155 0.5585585576923077 0.8612975384615384 0.5968468461538461 0.8668903798076923 0.641891891826923 0.8982102908653846 0.6779279278846153 0.9966442956730769 0.704954954326923 1 0.70653153125 1 0.5026078725961539
21 0.45973154326923077 0.6328828822115384 0.49776286298076927 0.6621621610576922 0.5458612980769231 0.6463963966346153 0.6923937355769231 0.65540540625 0.7181208052884615 0.6306306298076922 0.7225950793269231 0.5675675673076923 0.7035794182692308 0.5337837836538462 0.6744966442307692 0.5270270264423077 0.6633109615384616 0.5045045048076923 0.6633109615384616 0.4887387379807692 0.6331096201923077 0.4527027019230769 0.606263983173077 0.4346846850961539 0.5559284110576923 0.43018018028846156 0.5480984350961539 0.4346846850961539 0.5268456370192308 0.4774774783653846 0.46868008894230767 0.49324324278846154 0.44742729326923075 0.5540540528846154 0.4429530192307692 0.5990990985576923 0.45973154326923077 0.6328828822115384
30 0.6666666658653846 0.4819819831730769 0.731543625 0.53153153125 0.7706935120192308 0.5427927932692308 0.8366890384615384 0.5427927932692308 0.8601789711538461 0.5202702692307692 0.8635346754807693 0.4864864855769231 0.8478747211538462 0.4572072067307692 0.8076062644230769 0.4121621610576923 0.7673378076923077 0.38738738701923076 0.7147651009615384 0.38738738701923076 0.66442953125 0.42567567548076923 0.6532438485576922 0.4459459471153846 0.6543624158653846 0.46621621634615384 0.6666666658653846 0.4819819831730769
33 0.22371364663461538 0.5540540528846154 0.25055928365384617 0.5540540528846154 0.2796420576923077 0.5382882884615385 0.2953020144230769 0.5157657668269231 0.2997762860576923 0.4954954951923077 0.29642058173076924 0.4572072067307692 0.2628635336538462 0.40540540625 0.22371364663461538 0.376126125 0.19686800961538461 0.3806306298076923 0.15100671153846154 0.4076576586538462 0.12975391586538462 0.4369369375 0.12527964182692308 0.4707207211538461 0.13870246153846152 0.5135135144230769 0.15659955288461538 0.5292792788461539 0.22371364663461538 0.5540540528846154
29 0.23378075961538464 0.30630630528846153 0.2527964206730769 0.33333333413461536 0.3422818798076923 0.3490990985576923 0.36912751682692313 0.3310810817307692 0.37695749519230765 0.30630630528846153 0.37583892548076925 0.2882882884615384 0.37024608413461535 0.2725225216346154 0.3400447427884616 0.24774774759615384 0.2785234903846154 0.22972973076923076 0.24496644230769232 0.24774774759615384 0.23713646634615385 0.2680180168269231 0.23378075961538464 0.30630630528846153
40 0 0.29484029567307696 0.008948545673076923 0.30630630528846153 0.06375838942307692 0.3040540528846154 0.09955257211538462 0.2860360360576923 0.10738255048076922 0.2680180168269231 0.10514541346153847 0.2229729735576923 0.08836688942307692 0.1981981971153846 0.060402685096153846 0.17567567548076923 0.011185682692307693 0.17342342307692307 0 0.17972973076923077 0 0.29484029567307696
35 1 0.21171171153846155 0.95749440625 0.1914414423076923 0.9217002235576923 0.20045044951923077 0.9015659951923076 0.24099099038461538 0.8982102908653846 0.27927927884615383 0.9093959735576923 0.31756756730769226 0.9194630865384615 0.33333333413461536 0.9384787475961538 0.35585585576923073 0.9597315432692307 0.36036036057692306 1 0.35549549519230766 1 0.21171171153846155
38 0.8780760625 0.27477477403846157 0.893736016826923 0.2657657668269231 0.9071588365384616 0.2229729735576923 0.9071588365384616 0.17792792788461537 0.899328858173077 0.1599099110576923 0.8982102908653846 0.12837837740384617 0.8892617451923077 0.11711711778846154 0.8657718125 0.12162162259615385 0.8534675625 0.13288288221153846 0.8266219230769232 0.20720720673076926 0.82326621875 0.2635135144230769 0.8411633100961539 0.27477477403846157 0.8780760625 0.27477477403846157
33 0.6532438485576922 0.16666666586538462 0.6532438485576922 0.2229729735576923 0.6923937355769231 0.2274774783653846 0.7416107379807693 0.18918918990384614 0.752796420673077 0.14639639663461537 0.7505592836538462 0.12162162259615385 0.7416107379807693 0.10810810817307694 0.6912751682692307 0.11036036057692308 0.6532438485576922 0.16666666586538462
21 0.9060402692307693 0.022522521634615385 0.8769574951923077 0.11711711778846154 0.8881431778846154 0.12162162259615385 0.9149888149038462 0.15765765865384618 0.9395973149038461 0.16666666586538462 0.9821029086538461 0.0990990985576923 0.9753915 0.018018016826923076 0.93288590625 0.009009009615384615 0.9060402692307693 0.022522521634615385
30 0.7874720360576923 0.013513514423076923 0.7740492163461539 0.04954955048076923 0.7404921706730769 0.08558558653846153 0.7583892620192307 0.14864864903846153 0.8008948557692308 0.16666666586538462 0.8366890384615384 0.11711711778846154 0.8456375841346154 0.04504504567307692 0.8299776298076923 0.027027026442307693 0.7874720360576923 0.013513514423076923